$ANSIBLE_VAULT;1.1;AES256
33636535353330363163623531313762643165363437383534626566643332313933656564343034
6539663963646335646663633139653965353761383336370a646532363966336631316130336465
62393536323761326561616132666331363635336264356434373231316135323435303164623866
3432363665393031370a643466653034333237663863623636306333306230663663373633333065
32343264346438346636663638363034353266373033333962366538323331646533336137323235
30646638643339653864643563376437316532653739323234366339323564383961356130336461
32363732336339643534346330646337333961616134346337383434663834343163316364326365
36656632303330306338663563336562663362376630336438633764386133613761343532316561
31636634666136653735656461653139306537376363393537356530313637356430393466663332
31666138383933653063623233366132383465626530613463353761656336623763343465396462
34396438303962303332396231376362613736336664343236613030396535393438353965373134
62376362333562393439316538396138663339303837306639663364356131663762336232313431
61623266343561366338656632376664343363653439623939356461666535613863306339626235
35643334646261636531343234333937336663323261336662623265363666313439346338373333
32366665653030336662353835623163396161626536303561393763326332386138626663323033
63326366303430333332613066373465633734623338333433373761373265653933663864363463
65646136303337333830303733613361303036656130636231653136326532316265613066373462
32653337613136383033633435666361376331346364646566636462663636633065356134323837
65363235363032346364303438373264386136616237376134663834306566663166323239376539
61336539656365316264
