$ANSIBLE_VAULT;1.1;AES256
33353965363766643139353034656633663933663461353939313637653935643864393235653937
3362363230343862666263323561396632383565363531660a623332613263373530653239623832
61366166303763366163643862653732313566346131623265306463316236343439633963346638
6134386566613530310a666532396232633361643633316535663236636365396466623238356134
66383231343235393937343931656332656365366166356463646232386434613464306664383338
33306239626339643636643134653463623065633261613965363966363563656234363535613538
37613361666134663865363930323162396337343730643234636363326232646163363433613633
34366338326634303336626366653834356130386262376639653566363532353130316238306261
65336530636464343662626164643935653365646139356230303038366139393036396135613739
33376466346433643835663266313435623333303164316362313839623939383332353063336662
38376534653932623430613936396361313066343162323636353932353232356365613231383037
36353938613331323432643438363338396136636362373939346338363262666533346135636533
32373330656333643634633437613339356138396536343537353139346465393332663465313634
63326261363063366137373464643930313438663439623761303739316638363636313432373264
65376439633932363535633262666639346433653966303039333232346462626263326339356264
64663630653861333331633864343338323332303330643039323162323537306233653632373964
37663263663763323137336365386336373531333836346133623134393765363761613434316230
61616665373933323536656433313864313031666665376430343937643231613831613437393237
30643461643132396239316366636632636361336333343563623865323961306639616637356562
61363061333065636631626335663532326638376462656539363834363661343737613165376532
66356265353365303235306331393664653630376633613435363036323562616132333438346339
65303231663135323437393861316432623936636336653138633665623437363965393533663363
32383637343166366232626436613137613366323031356262356534386131316537363864333862
39663061626365653565653033666234613161393230316431303464386236313034306132653164
61363166666164646330313466343264393366356534666134336134646364623866383036376339
64336638306336633338386562303033643836386430663361373135636632633236646530316433
30343665623562633232303337383037333036326464386333616637363664316533333962383766
36613264313333623636656638376431346632633631666265643565333934656364343738653137
66656162386464663262666463336439303136613862356632653939353162646234623633613033
65386436316238353530376262633536643966653038363664633032393961323566326164343966
39356332613335636133623731653739373366643766303435623166386364373266653461396461
31633039336134353337393538376436363735326466303533643263623736373534653139346630
32383637623632376439396663656332386161316261633334323665343862393962653966663539
35326434613430346466306663326538316438653062353434373037366237626139373632623862
36313832613761313732643939353737663332313331356334306365313563356636376330343032
61303235646137343133386434376230393034336461613439383534316164313862393331636537
37326463363662663937323765396665373165313339626134663238356565643065646434376136
63633161313635643966633264353938333136363733343463636633373564396638386366653833
66326461613735333333303433316138656437303266663535376132666536646536396561346636
37623639303930346431353662656561633362653266393635346336336530333638323333303838
65363334346565316166303139613165663034643366666636666563616264643261306533343562
30613738336461336138636531666265383134613539656364336237333832663138323539623763
39363164393032666635316463396235366561616261323438656164653432373361646364303131
38326662663133356661393036333530666337356639363734303836323639663564663262346136
33623430366535346631633536323037303631376331626631316562373262333737643834633662
33636139633434626165316530663564646366333136613937393230363761396430346230633231
33316466653134316637626637306338333566303332313837373037616338653463396135626162
61376262323933333766663638316335636561313062333738316639623966663164343335376535
63613936636532333437303839346435613564653866653661336531323438373565363637663563
64356532383766653330383362643930336134383462633434396538376235323939663163383130
39623463613666653961376164363365626238343731613366613630643266656436633637643164
61343330313334656234
