$ANSIBLE_VAULT;1.1;AES256
63643066316363643063356532316662336330316463343465376365353361303937363964346264
6365313439386663363539356330313430613763386430300a393462356438393033393862323636
38643963623565383134616363356233353435363765376437353063656637613138366236376636
6539616238333735630a306431626161613864366438303433383464363536613833353730393065
36626539376136633730393662616139376236303039666138626336366465646233383230333939
32383335363636393334633237636164623834333830356330656136333166663634383663653539
33333265643762333937353937376239366535396462373638633033353066376537363634303765
61653136353239323138373735353334343666613835333939373061626434663434313935313636
36306136653637386634636439613138373066626630643635633461643539396532306137613637
62626437303639626437363131633234326434316132376564303933366131633534353339653462
38343430343364383036633061316266356439323538633262393762363130326365636636366262
66343863346137613066396164366530623436396136353837666335376362383337363130373536
35653730306462393235333337306264393765623163366535393530383630663132613530336639
33616665323562656135656232373364353563663632303861363066653061356332343264616632
33626436643032613466386333303139386238663233666366613961303165613434373739316434
65343532343062653433656338646365633563643235313137353663333535666439316336656536
66306135666537616330393839346139633566316532633531343639613032653133663532343062
65356431353663353466633934363135333530383934353831373561303761366464646466616265
39616263376462626666643331366161613931336434323936373034336631366635663864333736
66303436616135356166
