$ANSIBLE_VAULT;1.1;AES256
63656363626535363766313237306239353130373931663563373237613030366439373437313561
6132336335396166623666386365636535646331323738330a636635646438323136396163386134
32353363626332316232326263316539663834346461366463306661303564316563643633663137
3138333336326561320a313633663461363532623262396433363565356238626130356662373661
39653863613338646264316437393931336134313664333065643930396636656466343464633766
64623237356666373266653030623161333738303933663138376263633430333737356230656166
37643633313134376233316366363038336262643062303931383562343036333039363631363035
65383766353131353163663036653030666234343230396264653237363833353264316538343938
62343164323364316365303136333266656663643864373333653631323236306662373366636365
66656236303362393162613639613532396136353633356261316535396361653834353261613931
30353335656266616231643038636537643837656137313836623934313638623934363463663432
37366664353039666261323266616564616535336264306633353033633833376365346534636266
63636462643663656531613963636435343437366161636639363237303464343133
